MLDE-Benchmark Performance Data 03_Training_Performances for D7PM05_blosum80_xgboost_nGain50_nStart1000_rStart40_nCycles60_normedScores_Norm_score_TH1 - 28-06-2025_18-19
(0.247, 0.229, np.float64(0.029), 0.082)
(0.347, 0.311, np.float64(0.075), 0.099)
(0.491, 0.632, np.float64(0.306), 0.079)
(0.556, 0.718, np.float64(0.477), 0.08)
(0.509, 0.691, np.float64(0.451), 0.1)
(0.524, 0.688, np.float64(0.424), 0.154)
(0.59, 0.835, np.float64(0.664), 0.122)
(0.426, 0.586, np.float64(0.167), 0.353)
(0.462, 0.638, np.float64(0.388), 0.29)
(0.477, 0.628, np.float64(0.392), 0.319)
(0.582, 0.752, np.float64(0.562), 0.248)
(0.532, 0.676, np.float64(0.456), 0.329)
(0.662, 0.811, np.float64(0.641), 0.219)
(0.669, 0.831, np.float64(0.678), 0.204)
(0.643, 0.784, np.float64(0.609), 0.275)
(0.671, 0.811, np.float64(0.649), 0.261)
(0.705, 0.844, np.float64(0.707), 0.229)
(0.713, 0.827, np.float64(0.681), 0.265)
