MLDE-Benchmark Performance Data 03_Training_Performances for D7PM05_blosum80_xgboost_nGain50_nStart1000_rStart40_nCycles60_normedScores_Norm_score_TH1 - 28-06-2025_21-40
(0.458, 0.731, np.float64(0.207), 0.062)
(0.434, 0.738, np.float64(0.539), 0.107)
(0.426, 0.671, np.float64(0.431), 0.171)
(0.383, 0.649, np.float64(0.42), 0.219)
(0.537, 0.751, np.float64(0.554), 0.203)
(0.549, 0.73, np.float64(0.531), 0.233)
(0.505, 0.694, np.float64(0.481), 0.3)
(0.618, 0.764, np.float64(0.58), 0.269)
(0.609, 0.756, np.float64(0.567), 0.281)
(0.643, 0.777, np.float64(0.592), 0.29)
(0.676, 0.823, np.float64(0.673), 0.247)
(0.681, 0.812, np.float64(0.656), 0.267)
(0.709, 0.83, np.float64(0.678), 0.253)
(0.705, 0.814, np.float64(0.653), 0.283)
(0.702, 0.78, np.float64(0.596), 0.328)
(0.727, 0.825, np.float64(0.668), 0.276)
(0.747, 0.866, np.float64(0.734), 0.229)
(0.719, 0.79, np.float64(0.609), 0.351)
(0.742, 0.804, np.float64(0.635), 0.329)
(0.75, 0.804, np.float64(0.634), 0.34)
(0.773, 0.842, np.float64(0.688), 0.291)
(0.766, 0.827, np.float64(0.676), 0.307)
(0.771, 0.812, np.float64(0.653), 0.333)
(0.82, 0.907, np.float64(0.813), 0.185)
(0.803, 0.872, np.float64(0.752), 0.247)
(0.825, 0.902, np.float64(0.803), 0.199)
(0.83, 0.88, np.float64(0.768), 0.241)
(0.835, 0.877, np.float64(0.764), 0.248)
